
******以下为所有素数日期数：
--------------------------------------------------------------------------------------------------------------
11 	13 	15 	17 	19 	21 	23 	25 	27 	29 	
31 	101 	103 	105 	107 	109 	111 	113 	115 	117 	
119 	121 	123 	125 	127 	129 	131 	201 	203 	205 	
207 	209 	211 	213 	215 	217 	219 	221 	223 	225 	
227 	229 	301 	303 	305 	307 	309 	311 	313 	315 	
317 	319 	321 	323 	325 	327 	329 	331 	401 	403 	
405 	407 	409 	411 	413 	415 	417 	419 	421 	423 	
425 	427 	429 	501 	503 	505 	507 	509 	511 	513 	
515 	517 	519 	521 	523 	525 	527 	529 	531 	601 	
603 	605 	607 	609 	611 	613 	615 	617 	619 	621 	
623 	625 	627 	629 	701 	703 	705 	707 	709 	711 	
713 	715 	717 	719 	721 	723 	725 	727 	729 	731 	
801 	803 	805 	807 	809 	811 	813 	815 	817 	819 	
821 	823 	825 	827 	829 	831 	901 	903 	905 	907 	
909 	911 	913 	915 	917 	919 	921 	923 	925 	927 	
929 	1001 	1003 	1005 	1007 	1009 	1011 	1013 	1015 	1017 	
1019 	1021 	1023 	1025 	1027 	1029 	1031 	1101 	1103 	1105 	
1107 	1109 	1111 	1113 	1115 	1117 	1119 	1121 	1123 	1125 	
1127 	1129 	1201 	1203 	1205 	1207 	1209 	1211 	1213 	1215 	
1217 	1219 	1221 	1223 	1225 	1227 	1229 	1231 	
--------------------------------------------------------------------------------------------------------------
******以下为所有素数日期数：
--------------------------------------------------------------------------------------------------------------
11 	13 	15 	17 	19 	21 	23 	25 	27 	29 	
31 	101 	103 	105 	107 	109 	111 	113 	115 	117 	
119 	121 	123 	125 	127 	129 	131 	201 	203 	205 	
207 	209 	211 	213 	215 	217 	219 	221 	223 	225 	
227 	229 	301 	303 	305 	307 	309 	311 	313 	315 	
317 	319 	321 	323 	325 	327 	329 	331 	401 	403 	
405 	407 	409 	411 	413 	415 	417 	419 	421 	423 	
425 	427 	429 	501 	503 	505 	507 	509 	511 	513 	
515 	517 	519 	521 	523 	525 	527 	529 	531 	601 	
603 	605 	607 	609 	611 	613 	615 	617 	619 	621 	
623 	625 	627 	629 	701 	703 	705 	707 	709 	711 	
713 	715 	717 	719 	721 	723 	725 	727 	729 	731 	
801 	803 	805 	807 	809 	811 	813 	815 	817 	819 	
821 	823 	825 	827 	829 	831 	901 	903 	905 	907 	
909 	911 	913 	915 	917 	919 	921 	923 	925 	927 	
929 	1001 	1003 	1005 	1007 	1009 	1011 	1013 	1015 	1017 	
1019 	1021 	1023 	1025 	1027 	1029 	1031 	1101 	1103 	1105 	
1107 	1109 	1111 	1113 	1115 	1117 	1119 	1121 	1123 	1125 	
1127 	1129 	1201 	1203 	1205 	1207 	1209 	1211 	1213 	1215 	
1217 	1219 	1221 	1223 	1225 	1227 	1229 	1231 	
--------------------------------------------------------------------------------------------------------------
******以下为所有素数日期数：
--------------------------------------------------------------------------------------------------------------
11 	13 	15 	17 	19 	21 	23 	25 	27 	29 	
31 	101 	103 	105 	107 	109 	111 	113 	115 	117 	
119 	121 	123 	125 	127 	129 	131 	201 	203 	205 	
207 	209 	211 	213 	215 	217 	219 	221 	223 	225 	
227 	229 	301 	303 	305 	307 	309 	311 	313 	315 	
317 	319 	321 	323 	325 	327 	329 	331 	401 	403 	
405 	407 	409 	411 	413 	415 	417 	419 	421 	423 	
425 	427 	429 	501 	503 	505 	507 	509 	511 	513 	
515 	517 	519 	521 	523 	525 	527 	529 	531 	601 	
603 	605 	607 	609 	611 	613 	615 	617 	619 	621 	
623 	625 	627 	629 	701 	703 	705 	707 	709 	711 	
713 	715 	717 	719 	721 	723 	725 	727 	729 	731 	
801 	803 	805 	807 	809 	811 	813 	815 	817 	819 	
821 	823 	825 	827 	829 	831 	901 	903 	905 	907 	
909 	911 	913 	915 	917 	919 	921 	923 	925 	927 	
929 	1001 	1003 	1005 	1007 	1009 	1011 	1013 	1015 	1017 	
1019 	1021 	1023 	1025 	1027 	1029 	1031 	1101 	1103 	1105 	
1107 	1109 	1111 	1113 	1115 	1117 	1119 	1121 	1123 	1125 	
1127 	1129 	1201 	1203 	1205 	1207 	1209 	1211 	1213 	1215 	
1217 	1219 	1221 	1223 	1225 	1227 	1229 	1231 	
--------------------------------------------------------------------------------------------------------------